1672426965
1706037532
1373966283
6052305303
5055889474
5227230295
6191863486
5675511604
6587634429
5675511604
5331885473
1914969439
1905464307
5173016128
16724269656815344583
1325708894
1663526519
68153445836659968268
1213863701
6491352260
5072821059
1405177486
6791640932
5032508433
1318826936
6226831520
6195163499
5487433508
6981928344
5619351672
1448165516
6595351503
2056258239
6527602542
1774076957
1982485515
1904735059
5516252332
5465001197
5738076284
6947022709
5510477443
5745502835
6181269269
6324348082
6727437189
1186223540
1305854846
6304201718
1922396239
6944433677
1850415945
1052829369
6944433677
5516252332
6652855196
1857012370
